      15.9776291372822250       0.2119580322388194
      31.9552582745644500       0.2120103173135257
      47.9328874118466715       0.2120367338213057
      63.9105165491289000       0.2120576053473154
      79.8881456864111215       0.2120902435857729
      95.8657748236933429       0.2120985675265923
     111.8434039609755644       0.2121152225902084
     127.8210330982578000       0.2121483491171325
     143.7986622355400073       0.2121659533475210
     159.7762913728222429       0.2121803125701574
     175.7539205101044502       0.2121979914816322
     191.7315496473866858       0.2122219852723228
     207.7091787846689215       0.2122294038049748
     223.6868079219511287       0.2122437871208538
     239.6644370592333644       0.2122618246950553
     255.6420661965156000       0.2122721687898136
     271.6196953337977789       0.2122842407292316
     287.5973244710800145       0.2122833474907534
     303.5749536083622502       0.2122857114010870
     319.5525827456444858       0.2123181040862143
     335.5302118829267215       0.2122975273689547
     351.5078410202089003       0.2123144523172289
     367.4854701574911360       0.2123175833910508
     383.4630992947733716       0.2123141045980543
     399.4407284320556073       0.2123298334200896
     415.4183575693378430       0.2123452252905184
     431.3959867066200218       0.2123501309175306
     447.3736158439022574       0.2123551667881686
     463.3512449811844931       0.2123463079563438
     479.3288741184667288       0.2123553782087663
     495.3065032557489644       0.2123532492202379
     511.2841323930312001       0.2123549114818324
     527.2617615303133789       0.2123643882608068
     543.2393906675955577       0.2123627203945027
     559.2170198048778502       0.2123673817343830
     575.1946489421600290       0.2123756076568426
     591.1722780794423215       0.2123606074764588
     607.1499072167245004       0.2123776235302307
     623.1275363540066792       0.2123683760895032
     639.1051654912889717       0.2123830228983455
     655.0827946285711505       0.2123828797025992
     671.0604237658534430       0.2123766407592209
     687.0380529031356218       0.2123762220610912
     703.0156820404178006       0.2123822063606499
     718.9933111777000931       0.2123851244600819
     734.9709403149822720       0.2123870725528432
     750.9485694522645645       0.2123837884659252
     766.9261985895467433       0.2123966335171074
     782.9038277268290358       0.2123876543376458
     798.8814568641112146       0.2123830836865137
     814.8590860013933934       0.2123858702016703
     830.8367151386756859       0.2123867033449739
     846.8143442759578647       0.2123914261321246
     862.7919734132400436       0.2123762217015968
     878.7696025505223361       0.2123886477907115
     894.7472316878045149       0.2123947116310674
     910.7248608250868074       0.2123973561750107
     926.7024899623689862       0.2123834891006436
     942.6801190996511650       0.2123920210864293
     958.6577482369334575       0.2123890720872359
     974.6353773742156363       0.2123899842482506
     990.6130065114979288       0.2123925453728313
    1006.5906356487801077       0.2124061320472293
    1022.5682647860624002       0.2124011781823205
    1038.5458939233444653       0.2123862069432805
    1054.5235230606267578       0.2123972763247903
    1070.5011521979090503       0.2124068881359537
    1086.4787813351911154       0.2123858402708159
    1102.4564104724734079       0.2123883526200933
    1118.4340396097557004       0.2123955099441620
    1134.4116687470377656       0.2123950542100033
    1150.3892978843200581       0.2123890803999438
    1166.3669270216023506       0.2123902074202092
    1182.3445561588846431       0.2123848152344540
    1198.3221852961667082       0.2124087442675983
    1214.2998144334490007       0.2123956768057580
    1230.2774435707312932       0.2123999757331608
    1246.2550727080133584       0.2124004136151229
    1262.2327018452956509       0.2124023570723834
    1278.2103309825779434       0.2124081152053081
    1294.1879601198602359       0.2123962096723056
    1310.1655892571423010       0.2123947664305831
    1326.1432183944245935       0.2123894713152876
    1342.1208475317068860       0.2123986621678925
    1358.0984766689889511       0.2124024912817208
    1374.0761058062712436       0.2124141826206597
    1390.0537349435535361       0.2124020274641729
    1406.0313640808356013       0.2124055091724974
    1422.0089932181178938       0.2123983330440877
    1437.9866223554001863       0.2123961786929217
    1453.9642514926824788       0.2123959186918584
    1469.9418806299645439       0.2124024043020859
    1485.9195097672468364       0.2124041347812690
    1501.8971389045291289       0.2124064624694123
    1517.8747680418111941       0.2124033852447897
    1533.8523971790934866       0.2124059350129658
    1549.8300263163755517       0.2123956841273827
    1565.8076554536580716       0.2124019410107543
    1581.7852845909401367       0.2123909601074833
    1597.7629137282224292       0.2124059873624125
