       0.9986018210801391       0.2120759884346620
       1.9972036421602781       0.2121086943231192
       2.9958054632404170       0.2121160455589050
       3.9944072843205563       0.2121185863129493
       4.9930091054006951       0.2121338102126595
       5.9916109264808339       0.2121257738479014
       6.9902127475609728       0.2121272145297668
       7.9888145686411125       0.2121463211089835
       8.9874163897212505       0.2121511099958910
       9.9860182108013902       0.2121538369462914
      10.9846200318815281       0.2121610206352489
      11.9832218529616679       0.2121755927422487
      12.9818236740418076       0.2121745883883926
      13.9804254951219455       0.2121814668835267
      14.9790273162020853       0.2121928351226409
      15.9776291372822250       0.2121972640306297
      16.9762309583623612       0.2122040970053571
      17.9748327794425009       0.2121985679138063
      18.9734346005226406       0.2121968315921175
      19.9720364216027804       0.2122255981486115
      20.9706382426829201       0.2122018138907911
      21.9692400637630563       0.2122159001826931
      22.9678418848431960       0.2122165172607042
      23.9664437059233357       0.2122108099774877
      24.9650455270034755       0.2122245612796876
      25.9636473480836152       0.2122381962289578
      26.9622491691637514       0.2122415388814578
      27.9608509902438911       0.2122451823728358
      28.9594528113240308       0.2122350813189377
      29.9580546324041705       0.2122430416293438
      30.9566564534843103       0.2122399193458271
      31.9552582745644500       0.2122406912882540
      32.9538600956445862       0.2122493687647673
      33.9524619167247224       0.2122469821459614
      34.9510637378048656       0.2122509961164061
      35.9496655588850018       0.2122586380173303
      36.9482673799651451       0.2122431101134060
      37.9468692010452813       0.2122596485496181
      38.9454710221254174       0.2122499681525690
      39.9440728432055607       0.2122642218728658
      40.9426746642856969       0.2122637212309118
      41.9412764853658402       0.2122571567540494
      42.9398783064459764       0.2122564411387535
      43.9384801275261125       0.2122621542199491
      44.9370819486062558       0.2122648242140543
      45.9356837696863920       0.2122665450195655
      46.9342855907665353       0.2122630524237423
      47.9328874118466715       0.2122757059289120
      48.9314892329268147       0.2122665505482142
      49.9300910540069509       0.2122618175963606
      50.9286928750870871       0.2122644544204175
      51.9272946961672304       0.2122651493268273
      52.9258965172473665       0.2122697442957050
      53.9244983383275027       0.2122544215360753
      54.9231001594076460       0.2122667379499383
      55.9217019804877822       0.2122727000171655
      56.9203038015679255       0.2122752500127109
      57.9189056226480616       0.2122612950034742
      58.9175074437281978       0.2122697451157307
      59.9161092648083411       0.2122667198048453
      60.9147110858884773       0.2122675607635979
      61.9133129069686206       0.2122700553850908
      62.9119147280487567       0.2122835798830957
      63.9105165491289000       0.2122785678299048
      64.9091183702090291       0.2122635420825610
      65.9077201912891724       0.2122745603550039
      66.9063220123693156       0.2122841242002624
      67.9049238334494447       0.2122630312785479
      68.9035256545295880       0.2122655012668181
      69.9021274756097313       0.2122726187298336
      70.9007292966898603       0.2122721254553746
      71.8993311177700036       0.2122661162614337
      72.8979329388501469       0.2122672099033830
      73.8965347599302902       0.2122617862062600
      74.8951365810104193       0.2122856854674867
      75.8937384020905625       0.2122725898557950
      76.8923402231707058       0.2122768621472381
      77.8909420442508349       0.2122772748073517
      78.8895438653309782       0.2122791943647537
      79.8881456864111215       0.2122849298346831
      80.8867475074912647       0.2122730027968157
      81.8853493285713938       0.2122715391354774
      82.8839511496515371       0.2122662246182924
      83.8825529707316804       0.2122753970241237
      84.8811547918118094       0.2122792085881913
      85.8797566128919527       0.2122908832204193
      86.8783584339720960       0.2122787121501127
      87.8769602550522251       0.2122821786908501
      88.8755620761323684       0.2122749880976505
      89.8741638972125116       0.2122728199440263
      90.8727657182926549       0.2122725467651093
      91.8713675393727840       0.2122790197868889
      92.8699693604529273       0.2122807382341661
      93.8685711815330706       0.2122830544162400
      94.8671730026131996       0.2122799661826766
      95.8657748236933429       0.2122825054121812
      96.8643766447734720       0.2122722444330498
      97.8629784658536295       0.2122784916444385
      98.8615802869337585       0.2122675014686659
      99.8601821080139018       0.2122825198298596
