       3.9944072843205563       0.2123251201044758
       7.9888145686411125       0.2123794140302300
      11.9832218529616679       0.2124083586430497
      15.9776291372822250       0.2124324990121899
      19.9720364216027804       0.2124693276719829
      23.9664437059233357       0.2124828976733869
      27.9608509902438911       0.2125059400406935
      31.9552582745644500       0.2125466344492381
      35.9496655588850018       0.2125729852619141
      39.9440728432055607       0.2125972334735586
      43.9384801275261125       0.2126258805618690
      47.9328874118466715       0.2126618389399939
      51.9272946961672304       0.2126821228215595
      55.9217019804877822       0.2127101694271828
      59.9161092648083411       0.2127425628460455
      63.9105165491289000       0.2127678509301975
      67.9049238334494447       0.2127953541550175
      71.8993311177700036       0.2128102839890021
      75.8937384020905625       0.2128287737165793
      79.8881456864111215       0.2128775130098030
      83.8825529707316804       0.2128734290697731
      87.8769602550522251       0.2129069256463565
      91.8713675393727840       0.2129266469681523
      95.8657748236933429       0.2129397235572098
      99.8601821080139018       0.2129719257395639
     103.8545893923344607       0.2130036676666803
     107.8489966766550054       0.2130247641683790
     111.8434039609755644       0.2130458007893632
     115.8378112452961233       0.2130527261242675
     119.8322185296166822       0.2130773415525024
     123.8266258139372411       0.2130904999886438
     127.8210330982578000       0.2131071764340304
     131.8154403825783447       0.2131313815890589
     135.8098476668988894       0.2131441463280883
     139.8042549512194626       0.2131629368521002
     143.7986622355400073       0.2131849829343619
     147.7930695198605804       0.2131834900931429
     151.7874768041811251       0.2132136984583206
     155.7818840885016698       0.2132173274868360
     159.7762913728222429       0.2132445353240685
     163.7706986571427876       0.2132566391737122
     167.7651059414633608       0.2132623356642313
     171.7595132257839055       0.2132735439456165
     175.7539205101044502       0.2132908505984560
     179.7483277944250233       0.2133047908217964
     183.7427350787455680       0.2133174656834364
     187.7371423630661411       0.2133246182809966
     191.7315496473866858       0.2133476155270511
     195.7259569317072589       0.2133485099078856
     199.7203642160278036       0.2133535402411953
     203.7147715003483484       0.2133656613774633
     207.7091787846689215       0.2133755691009730
     211.7035860689894662       0.2133891128212293
     215.6979933533100109       0.2133824821082028
     219.6924006376305840       0.2134032411390445
     223.6868079219511287       0.2134174035680406
     227.6812152062717018       0.2134279187310753
     231.6756224905922465       0.2134217006317334
     235.6700297749127913       0.2134376661997641
     239.6644370592333644       0.2134419415534463
     243.6588443435539091       0.2134498749020145
     247.6532516278744822       0.2134592600039653
     251.6476589121950269       0.2134794792839584
     255.6420661965156000       0.2134809723682476
     259.6364734808361163       0.2134722680094009
     263.6308807651566894       0.2134894296577331
     267.6252880494772626       0.2135049644434886
     271.6196953337977789       0.2134896754455353
     275.6141026181183520       0.2134977876020613
     279.6085099024389251       0.2135103905832220
     283.6029171867594414       0.2135152311283394
     287.5973244710800145       0.2135144088554123
     291.5917317554005876       0.2135205471708802
     295.5861390397211608       0.2135200304047399
     299.5805463240416771       0.2135487032162857
     303.5749536083622502       0.2135402519962107
     307.5693608926828233       0.2135490436059134
     311.5637681770033396       0.2135538544630461
     315.5581754613239127       0.2135600549185655
     319.5525827456444858       0.2135699576837660
     323.5469900299650590       0.2135620879116119
     327.5413973142855752       0.2135645749404717
     331.5358045986061484       0.2135631078762779
     335.5302118829267215       0.2135760277239555
     339.5246191672472378       0.2135834898359942
     343.5190264515678109       0.2135987211342054
     347.5134337358883840       0.2135900157577581
     351.5078410202089003       0.2135968598313709
     355.5022483045294734       0.2135929613257145
     359.4966555888500466       0.2135940024376319
     363.4910628731706197       0.2135968582363596
     367.4854701574911360       0.2136063823957847
     371.4798774418117091       0.2136110765053421
     375.4742847261322822       0.2136162951585642
     379.4686920104527985       0.2136160384116340
     383.4630992947733716       0.2136213402749615
     387.4575065790938879       0.2136137751362581
     391.4519138634145179       0.2136226533843502
     395.4463211477350342       0.2136142313639459
     399.4407284320556073       0.2136317568566663
