1.702959598720262022e+02
1.698037685008639812e+02
1.697386648809909389e+02
1.696796246980358092e+02
1.697226983429768552e+02
1.701039236493959663e+02
1.703403981276321417e+02
1.700854869045269879e+02
1.695382240961159255e+02
1.698875032497186339e+02
1.699752495191848141e+02
1.698592163078468786e+02
1.701603340251897407e+02
1.695818824308429669e+02
1.699773632423446088e+02
1.703774780376736828e+02
1.703676319308277698e+02
1.706812191945987536e+02
1.697176897969396521e+02
1.696086678318025349e+02
1.704262837445367893e+02
1.696214726678909983e+02
1.699427689117203215e+02
1.694019301407538194e+02
1.699398505958114924e+02
1.703557945409505407e+02
1.700382991772463015e+02
1.704355262297621323e+02
1.702390121929995814e+02
1.704228020297274782e+02
1.704057935884592609e+02
1.701613628952684678e+02
1.706304640269151491e+02
1.709458003866517117e+02
1.700779496374883877e+02
1.700634801239759213e+02
1.699636394261305270e+02
1.702214818301723938e+02
1.702252884450025761e+02
1.703833770670918000e+02
1.698559389539257154e+02
1.702770949317509519e+02
1.703936226249599883e+02
1.701897795299480549e+02
1.710715407739765226e+02
1.704940857775063137e+02
1.702561410544037699e+02
1.696160365150411451e+02
1.699844083575470108e+02
1.702130154185682045e+02
1.707762553360743141e+02
1.710867555921484779e+02
1.703865795173409197e+02
1.701280077254710648e+02
1.702589639036513915e+02
1.709270857292378025e+02
1.706634677976996102e+02
1.704744351348100793e+02
1.704320926844948474e+02
1.706866048802841078e+02
1.707268851755841581e+02
1.707149095301679438e+02
1.702800264690777112e+02
1.704124439553003754e+02
1.698642921081208215e+02
1.703304225890686894e+02
1.703252964333734383e+02
1.705296160702063162e+02
1.703496954867599698e+02
1.703884858171572887e+02
1.702913577507172533e+02
1.707935132826920324e+02
1.705833053570950995e+02
1.707896768866545187e+02
1.701385947505621345e+02
1.696873532230095520e+02
1.704917352738152658e+02
1.709421077215737341e+02
1.707804928690712813e+02
1.708016917531315357e+02
1.702866037659277367e+02
1.710538067082206339e+02
1.706846056508915126e+02
1.700637844724792274e+02
1.705940351266787616e+02
1.705798285903978240e+02
1.707528951047512749e+02
1.707207071151077571e+02
1.710535491013912974e+02
1.701127086862418309e+02
1.711563702089118237e+02
1.706171385623031540e+02
1.709386371179684545e+02
1.703916431477544791e+02
1.705894309072566557e+02
1.711322583911743607e+02
1.708239214449413339e+02
1.706302271299147435e+02
1.713069766571983621e+02
1.705808183862269516e+02
