-4.444425378716095887e-01
-3.526620519008141219e-01
2.484451868066706592e-01
5.867962080999690466e-02
9.024143064090689448e-02
9.560519558155186060e-01
-1.715776510917079722e-01
4.658566529730938099e-01
3.262835671762527312e-01
1.051219071418651785e+00
-1.305985412305024351e-01
2.066279318791142128e-01
2.072553751052465254e-01
1.651295120578091802e-01
-5.529581780784623146e-02
5.346028668408530082e-01
1.171962115844623065e-01
2.521614753505951323e-01
1.772856016861643069e-01
-7.788117355077632809e-01
-1.726765713870447583e-01
-9.202296022533702768e-02
3.576068748802677666e-01
-2.622231048867016412e-01
4.343195942707059332e-01
1.584510013072942536e-01
-2.269371414657946617e-01
-2.314692873761222125e-01
-1.933716878198380174e-01
5.863140026106650193e-01
1.240450564458013827e-01
2.071622180863396945e-01
1.309467997254018801e-01
-2.888896560000048797e-01
-1.440598658600616144e-01
-9.260868612525195720e-02
-4.768325172688221009e-02
-4.461259241961058192e-02
8.161117692591580985e-02
-1.459624429741606666e-01
3.583169036737369750e-01
-3.298650842364210245e-01
-2.611879555572070299e-01
1.206645823042355792e+00
-1.580338188714154324e-01
4.713254083366608671e-01
3.070879130305408378e-01
-6.761020436332625116e-02
6.846740901563353951e-03
-6.866947948114930922e-01
-2.538766702704864375e-01
5.546835296728170883e-01
5.995376800709000670e-02
-6.739569921584156464e-01
-1.892875006426262274e-01
-5.478260276391671013e-01
2.916567737165153273e-01
5.517976715802221932e-01
7.556117313963429949e-02
3.296316625263877587e-01
-4.296341961667508591e-01
-3.387465209308115344e-01
-4.890823616983833722e-01
6.064024632480069510e-01
3.440610708757892849e-02
8.052710348148069963e-01
4.915688070057427916e-01
2.617192552404028483e-01
-9.428139426839195203e-02
-5.565573729595771901e-01
-2.863383861472433289e-01
-3.385057956264542200e-01
2.558595588773499019e-01
1.680354976595548611e-01
3.704165535522103980e-02
-8.684045122155117369e-01
-1.681586588494346224e-01
8.270773313122210812e-03
5.264174085948818416e-01
-4.633128436772788739e-01
3.212977970849609146e-03
8.761444868070060454e-02
3.222510777940621601e-02
2.581041237498508598e-02
-3.688978288802676198e-01
-5.190510043743348095e-02
4.873014863812016317e-01
1.447346029628353847e-01
-2.789862861108518000e-01
-6.630759484191104391e-01
-5.017050905688046070e-02
-7.495282474389174110e-02
-4.048715354385792192e-02
7.219181643461339837e-01
1.253968301629430071e-01
-1.439403630489934360e-01
3.404703155858311292e-01
-7.444351237349513539e-01
-2.539560520756503070e-01
2.249719501027647617e+00
2.584455617534373584e-01
-8.914682160598815797e-01
-4.441059180769812431e-01
-3.285637876304524363e-02
-8.000855440267326535e-02
-2.435678834657908076e-01
-4.674162387776337746e-01
3.612982826569068329e-01
-5.876658625383879286e-02
-3.270733255865808653e-01
-9.783527122184436375e-02
-9.485745278548810555e-01
7.209534266344795606e-02
5.032687681637622035e-01
-4.292556179957000562e-01
-4.498039481317980814e-01
-3.509711446669956936e-01
2.407366270712724410e-01
-4.357870496590143805e-01
4.484459884572509769e-01
-8.379504836037172943e-02
2.892095680463716012e-01
3.987664222237820300e-03
-1.705188872789830945e-01
-6.287506930936329619e-01
-3.908634808319219611e-01
-1.196597500452759588e-01
-1.687439700979371793e-01
-1.833930722950107006e-01
-5.836819219757454456e-03
-1.225080313976776164e-01
5.559710066116004823e-01
-4.222179334905514642e-02
-6.993790010397861190e-01
-2.304259849631539944e-02
-7.081979614603410855e-01
5.271226257843402152e-01
-6.289443683356235049e-01
-1.287344088440383616e-01
-7.028902219636259385e-01
-1.461230818359841588e-01
-4.349502675371088589e-01
4.597372362301646587e-01
-1.885591532458888164e-01
1.802789148231933869e-01
-3.827658557224840052e-01
-1.062211912511298456e-01
-1.074967905040245461e-02
-2.559214154430150545e-01
3.546740122875168821e-01
-1.411899804923967272e-01
1.971858918955235462e-01
5.699726004682243580e-02
-2.759935540826372047e-01
-5.594350025634141355e-02
-8.169137790904045238e-01
-9.567597377269568271e-02
2.684804590971908711e-01
-4.428700938087649919e-02
3.980584597657131352e-01
-1.093118697121932548e-01
-4.780011703025448429e-03
-1.015703306806241824e-01
2.187452557723796112e-02
-5.403828210832465478e-02
-3.525088517836839214e-02
-4.134267491370947206e-02
-7.040960434746568186e-01
2.011832625928826890e-01
-4.531010563678978253e-01
-2.192371964863779332e-01
-1.201833244108276022e-01
-1.619724000069145686e-01
-9.327510750005963969e-01
-5.805427461974581142e-03
-8.430264673755185623e-01
-4.098140286690813983e-01
6.213022064855246857e-02
2.402852302798064166e-01
-5.323590454567735941e-01
1.227635307839804318e-01
-2.315167702329552768e-01
2.405187711547794593e-01
4.118437853119279179e-02
3.238042502446429084e-03
1.164575672907788073e+00
3.079373491516808059e-01
-9.426131326851007186e-01
1.321361930532288509e-01
3.683707910951244391e-01
6.355976885691992928e-01
-1.624002863476439185e-01
-3.325079119012729345e-01
-1.033772213423699016e-02
-2.403033875881430970e-01
-3.075333384883299770e-01
-2.057155329969286572e-01
-6.176066300151783484e-01
5.851463948260278158e-01
1.845166936580085052e-03
-8.882881018913620086e-02
7.468468222648919075e-02
-1.350261851603860863e-01
-6.481605402055671261e-01
6.996987705859453871e-03
-8.441426396802753640e-02
7.881516655671103044e-02
-4.132273089752135919e-01
-3.244061955838759559e-01
-3.586857327712501542e-01
2.939302230553010320e-01
-2.319959118045860080e-01
-1.827686494636916181e-01
-1.298533108532141878e+00
-3.515353236840647044e-01
6.527167875252556373e-01
-2.499497343379545322e-01
5.454762727099647934e-01
1.137290540154915763e-01
-1.735276599480496118e-01
3.144695021787211053e-01
-6.421061269712236008e-02
9.831693123893203712e-02
-1.138699335036013616e-01
2.858962135687604378e-01
-1.812963513308931407e-01
5.438177894400634260e-01
6.687175488284268221e-01
3.776029996218775442e-01
1.201504740988368569e+00
8.798721091058517296e-02
-4.357297968752814610e-01
-3.222476199012192510e-01
-5.598683719124872837e-01
-3.506647584113984917e-01
5.331163296874724677e-01
-4.354607191709010117e-01
2.529301695496192770e-01
-4.414991738813593414e-01
5.682357716024421385e-02
2.396399310706561203e-01
8.557321995182956553e-02
-1.418580166691632560e-01
-2.736782123875554640e-01
5.661920534457131060e-01
6.467421875953760502e-01
1.852275607284766812e-01
2.441134170564173700e-01
2.924861431169693549e-01
6.042117996260081003e-02
-4.834454148040395749e-01
-2.064040135590191338e-01
-3.570400108191589261e-01
3.106543917176106673e-01
-1.811703332772788000e-01
3.514829930599529945e-02
5.075101983690940601e-03
3.980075721846502712e-01
-3.643401295552830543e-01
-6.621618923576695348e-01
-2.097505492059865452e-03
1.130929703391143071e-01
-1.350886207116865634e-01
4.137873879302240709e-01
-2.035170191962440422e-01
1.239353214726065383e-01
-3.505488522722195466e-01
2.194098461227612651e-01
-1.597446991109860159e-01
-1.971212846753930548e-01
7.965446884476427153e-03
-6.687483552901228590e-02
4.638891959693892120e-01
-2.001612175952811601e-01
-1.755045104363909536e-01
1.019680613490714094e-01
9.944761417300990169e-02
-5.426239245220295521e-02
-1.844343912854712053e-01
3.010315004303219522e-01
2.264305514404587050e-01
-5.038166324193998902e-02
2.102827138812741938e-03
5.401241903136719813e-01
-3.677086133851177330e-01
6.767576999237645552e-01
2.377321691724773589e-01
4.307193783189171565e-01
3.922203640594013607e-01
-2.942162832001812833e-01
-4.573619663457696438e-01
-8.566287310230544239e-02
1.507420436935411889e-01
-1.210343294439512364e-02
1.378976509291300057e-01
-9.290773018551704565e-01
1.898726269550364276e-01
1.737183690598957386e-01
-3.633627478862669347e-02
-3.768724098460186633e-01
3.378063706638265717e-01
-3.027784942883469665e-01
1.297096193539296061e-01
-7.463517088566790081e-02
-7.344392768512451874e-02
5.297826896578365918e-01
-5.009822394990190997e-01
-9.238393600851142473e-01
4.127363213042835599e-01
-8.918156600246809895e-02
7.354981879036150139e-02
1.077774576216288915e+00
-4.138143539214138578e-01
-6.141026051298403843e-01
-8.544550291213209858e-02
-6.221318864436171658e-01
3.519625045108997763e-01
1.552422625708619774e+00
-4.172444704260964143e-01
-5.305373448116821322e-01
-3.552089228720731184e-01
4.909753291555957536e-03
5.032437529400610177e-02
7.457136386653904214e-01
2.583710067644365282e-01
2.254297508404966843e-01
-3.033432099533332482e-01
-1.405863463513629397e-01
-1.944958363375257349e-01
-2.049316899066571940e-01
3.706163205002101502e-01
-8.849876295714033114e-01
-3.733870738470674300e-01
-2.740869702611342662e-01
-8.760480871690209947e-02
-3.731293365751571778e-01
-6.333949017587552077e-02
-1.469562525863117863e-01
4.710355391888509241e-02
-3.473803167067682218e-01
-2.100633258631253442e-01
-1.253992616383354242e-01
6.563247657392403886e-03
-2.809067322169647163e-01
-2.640815945667961406e-01
5.213831399364643460e-01
-3.929958622878250707e-01
5.828515600261751084e-01
-1.112446620099752370e-01
-2.440880827905648476e-01
1.865997501060033537e-01
2.978449661433111295e-01
3.683378072486140353e-02
-2.487475718435758765e-01
1.770303149286574229e-01
-3.576069766083428414e-01
1.819478110741968857e-01
7.818433965679081332e-01
9.016195672934194938e-02
-3.713070072637589952e-02
-4.528803627587144609e-01
1.122754333840281643e-01
-2.516359266022977215e-01
8.032377418466019048e-01
4.116967976758701964e-01
1.410812872537609286e-01
3.662587688014383447e-02
3.423650574502491439e-01
-1.512114757602533305e-02
-7.908852725268991635e-02
-6.058726986609518778e-02
-2.939026834208214312e-01
4.513817897554114889e-01
-2.253017880192453581e-01
4.208933398881328086e-02
2.103336223987191111e-01
-3.184218911777057792e-02
-6.212077180432341167e-02
8.239394856621341801e-02
6.975283059403382113e-01
6.278512364587855721e-02
-1.906773069940495835e-01
-4.243931247279147077e-03
-2.159966643761976890e-01
1.700028946309748712e-01
6.440132545319650070e-01
-1.016927561532988411e-01
-8.886925773830156583e-01
2.298510388808700511e-01
1.774023364635054500e-01
1.900533745082915171e-01
7.650546095291332893e-01
-3.175812659729990162e-01
-2.477764484087965624e-01
-3.957243975539462832e-01
-5.411456880918763535e-01
-2.668681729388227009e-01
-6.849739592915992104e-01
7.644106687966478741e-02
-2.070591822762695433e-01
-2.299854562495380964e-02
7.063659233284704797e-01
-3.082058888704078403e-01
-1.882578014819636658e-01
-2.216226514763035838e-01
-1.260619028650012685e-01
5.990597406770357264e-02
-3.866206532451949562e-01
-3.077415805550066108e-01
4.244960245583391245e-01
3.669468490286940110e-01
8.712927393770979190e-02
-3.133482861125632679e-01
6.008274343562635018e-03
-2.187351107975947506e-01
1.555356493220046848e-02
-4.462339029672685031e-01
1.439606001614756048e-01
3.865665778391535468e-01
5.955164464484540288e-01
4.142718452841081533e-01
1.213855693617448273e-01
-3.163471136920832927e-01
-1.766519059635699163e-01
-5.039145108403093182e-02
3.440253809859059597e-01
5.213582682086886910e-01
1.970810991403917911e-01
-3.571323770495617445e-01
-6.622692026213396199e-02
-1.696022543524531440e-02
-2.708151398499109574e-01
5.251248126741370897e-02
-3.845012392727557848e-02
-4.737920678951550446e-01
1.157274374734645450e+00
4.255514889191869959e-02
3.086347255643244747e-01
-4.509655655835162480e-01
-4.261260267758035236e-01
2.577286490499938187e-01
1.300539001606529632e-01
-2.752916853303640290e-02
-1.087358649469258309e-01
-1.074123173674898790e-01
1.179134928616478312e-01
2.591143128859730305e-01
2.165508892820088849e-01
3.596382370898854597e-01
-2.855968606694207490e-01
1.770033456132896477e-01
7.291908262989605927e-01
-1.696021470711945589e-01
-9.994386239389315696e-01
-2.869513682924860754e-01
-7.287873771091553099e-01
-7.714875377127085043e-01
2.775170083021439860e-01
1.233618343176229093e+00
7.706919274147941978e-01
-2.608080312893742980e-01
6.792369600015731868e-01
-5.259968824769553075e-01
4.551947331452481371e-02
3.077967112969281493e-01
4.230588020651512848e-01
-1.341829961481450784e-01
4.583293575080388260e-01
1.417204677553464687e-01
-4.189160151437045787e-01
-5.760118199726437238e-01
-5.848941525558145615e-01
2.702085040910562896e-01
2.104845731068890891e-01
5.580391425780338865e-01
5.518191631192931323e-01
-3.310655105083876171e-02
1.440443318636850101e-01
-7.855425524293858930e-02
-2.631197789626573136e-01
5.110885982178658624e-03
-9.073156110083636650e-01
-2.284900853279721034e-01
2.822179446916404655e-01
3.955811329286337136e-02
7.369738085457254728e-01
9.982239241841518729e-02
-1.822376760532835038e-01
-8.103771781389093598e-02
2.499031832140254927e-01
-4.282329655687036052e-01
-6.874804941769555033e-02
2.868694489317398510e-02
4.057037099557542770e-01
1.509475325136334367e-01
-2.258477942464362509e-01
5.197243893352139210e-01
4.685691868725062048e-01
-6.309767483777337649e-01
-1.648058493699155747e-01
6.742995697602312266e-02
1.427239997806711624e+00
1.657384616322193638e-01
-2.695264746552982760e-01
5.960242595351650068e-03
7.986710721348861952e-01
8.918026589895065859e-02
7.814082988469739366e-02
1.796535674997846443e-01
-4.956300584811400012e-01
2.753650802772098505e-01
-2.355839751166967366e-01
1.692908876136427557e-02
-8.184123378214791522e-01
1.288811456467160721e-01
-2.075709718137228044e-01
-1.613120504244724140e-01
-2.132523241259997593e-01
2.120412112749423816e-01
-1.074301494189496831e-01
9.724315153776566523e-02
4.894189789633300314e-01
-1.751720743837387462e-01
-4.062218975837091905e-01
-1.346973758847847154e-02
2.641225450657903595e-01
-7.900721693161552595e-02
4.585139707338346526e-01
5.905420448030492819e-01
5.245906814468297430e-01
-3.809025817931026014e-01
-2.879807330804945997e-01
6.341572349242503848e-02
-3.413342844832806255e-01
1.097147910927582376e-01
-2.360195538219043987e-01
5.157279506436172195e-02
-5.893568246193697791e-01
2.468271896458521519e-01
5.356993990609001388e-01
4.262057167115862466e-01
-1.475382501988397599e-01
-1.441668955958478049e-01
-3.602324451935464550e-02
2.464497266554100396e-01
-3.209487461440889700e-01
1.924534810195186463e-01
-3.399931018068107491e-01
-7.639656301074133904e-02
-5.371446718959187877e-02
-4.795218048126784205e-01
-2.861901017769876744e-03
-8.839904730686636014e-02
-5.225336756304869296e-02
3.070191745329391986e-01
-2.799211344781118438e-01
2.443372755616451258e-02
-1.151849206325075148e+00
3.511209675547568021e-01
4.965836653704768233e-01
-5.144501186460893188e-02
-5.569873286423410175e-01
2.907189568443411809e-01
7.354410527529955943e-02
-2.023729544626987065e-01
-3.301104079497269028e-01
-6.382060035495441541e-01
9.215539838355618629e-02
-3.198072226676740293e-02
-2.506372699193774260e-03
-2.809539952113698780e-01
5.608845771212797038e-01
-6.103892052358247389e-01
7.249329670710471518e-01
1.954676861848926028e-01
-1.444319835927338758e-01
-7.112192982989598566e-02
-1.498457724531401525e-01
1.657999406879986093e-01
-7.049509765644726977e-01
1.403816531974236004e-01
1.282333775051129610e-01
1.054386616857001281e-02
-4.831403009681169425e-01
-8.134547023224188156e-02
-1.579687116586586115e-01
-4.799776533272124279e-01
-7.120246697454074569e-01
-1.718273540785906217e-01
5.704825874883479031e-01
2.068085871930987196e-01
-3.871845406659076005e-02
2.522131767462141849e-01
6.886949384455288981e-02
4.923636586752031530e-01
1.923804551854921552e-01
2.583906946912107871e-01
1.039969108964341693e+00
-2.000045249013236159e-01
-2.848064879441458003e-02
-4.881436152915061277e-02
-3.778905224375405103e-01
3.308538439293601252e-01
-1.652779658614361713e-01
-2.583798724251141765e-01
-2.051622711248669295e-01
3.908060628269490744e-01
-8.795290631493121181e-01
4.501683110521232933e-01
-1.872834129912484546e-01
4.137405431908423581e-01
1.611032261515291941e-01
2.668038094699869966e-01
-6.639956634887251305e-04
7.305909732226217868e-02
-3.137922805356752054e-01
-1.257765599750096386e-01
-4.886231335091994477e-01
-3.419500033919570248e-01
-7.549220677531013335e-01
1.500377795091970348e-02
-4.785464481016999949e-01
-1.889251450138047100e-02
2.444431376744237161e-01
-1.365699011369567450e-01
3.955727399316485426e-01
-5.996345930261625101e-01
5.835778737191602561e-01
1.362830200477409326e+00
-1.502956889106713823e-01
-6.608434126053155944e-02
1.554225717656971401e-02
7.166863703631988491e-02
2.163086251034539165e-01
-6.815850408559909202e-02
2.889101348575917050e-01
-2.451766443348880886e-02
7.832127368898796904e-01
-3.278018944158561654e-01
-4.283672934950146227e-01
3.150203476224473342e-03
-2.073016020248357599e-02
-7.853735696415369005e-02
1.699186575527473347e-02
2.111891021585327044e-01
2.195248438174128847e-01
-7.885370802795543810e-02
-1.068192526400090769e-01
-9.198963420635634936e-02
3.263573216847450720e-01
2.536664927374554512e-01
-6.419009732567557691e-01
2.193179820709972305e-01
-8.287982223123265824e-01
-1.327250527332808072e-01
1.580560661279480472e+00
5.960102569618516699e-02
-9.971306322827119817e-02
3.876191390475440257e-01
-3.426096668789703203e-01
2.367282404683832275e-01
6.401164299516044487e-01
3.466516300643862625e-01
1.146286044333782339e+00
-6.548612603205735683e-01
2.846522489401918654e-01
-1.429059372972210085e-01
4.184996856171887547e-01
5.741859570754656028e-01
-3.127063859430648241e-01
-1.596681516768413134e-01
-5.979286440469308017e-01
1.900762636613360090e-01
-1.650662559332248258e-01
-3.072006318922201329e-01
4.699473146628604936e-02
1.593911718703984182e-01
5.204167049349321950e-01
3.490214485573304715e-01
7.998336745686854821e-01
-1.168339963387276387e-01
2.534271943925623383e-01
1.123631810375997769e-01
3.130122226973595673e-03
-3.618414341321748995e-02
5.138787208149590002e-01
1.109158315141958555e-02
-8.238836468045709349e-01
5.466952836480220013e-01
-6.567126402798878493e-01
-7.555179681371143596e-02
4.988615287871480675e-01
1.940720702838177048e-01
-8.834412580273462434e-02
-1.402707968861575394e-01
1.855706135447861838e-01
5.703632668177024967e-02
7.077515690433680562e-02
4.315999574514973181e-01
1.037126204498885346e-01
4.016532239493987855e-01
-1.649174012709706816e-01
-3.046393085574362614e-01
-4.776274371972397681e-01
-1.613614332335396861e-01
1.372292607990674984e-01
-2.318538413588671493e-02
5.878016715145278903e-01
-2.565469355160063247e-01
1.289656658209677453e-01
3.895931505962433872e-01
-6.587961520937929416e-02
1.195870552725553440e-02
9.374527398354666474e-02
-1.577300896837624811e-01
2.750642952263852581e-01
8.864417642124625477e-03
1.641915106104915867e-01
-4.845513807119329781e-03
-6.602297023684784438e-01
2.591781357942956610e-01
-5.260569505570437121e-01
7.267756224332723169e-01
2.606656822745654911e-01
-1.722285586003164393e-01
-4.268469879149865420e-01
-7.801673525916846819e-02
-3.926486219649403253e-01
-8.917574240475967251e-02
4.671763288992837326e-01
-2.950312660409112886e-01
-4.408232999638097560e-01
-2.977685215080075887e-01
1.025657377353547783e+00
-2.252378181203339158e-02
-3.405720037512740550e-01
-4.168529092668630809e-01
7.614186854810554017e-01
3.198136410788503525e-01
-3.150085731706777081e-01
-7.440310634646862820e-02
-1.623663426456924963e-01
6.103104153539906651e-01
-1.240586752921168934e-01
2.506359167947712629e-01
-5.152710882459176078e-01
-3.820747632421330198e-01
5.311598544058264426e-02
2.786988841646385051e-01
2.706292510406803076e-01
-8.625311703957862230e-02
6.330012887805780419e-01
-1.956985852462895803e-01
-1.068323276142299355e-01
-1.789996175284829516e-01
-1.517669533137177007e-01
1.453401514389645599e-01
-7.267363822598463807e-01
-3.233358652182403148e-01
-2.327742382720057734e-01
1.185333374872562934e-01
4.593128226590427743e-01
-2.234227243210941127e-01
-1.825257820183868174e-01
3.379881631421047250e-01
4.619218109880023904e-01
3.976857016882692220e-01
-1.163990275413795128e-01
-2.914470956713434702e-01
6.357628055676071144e-01
1.793584470481568438e-01
-1.923686159165760856e-01
1.855083160575359824e-01
7.601749217582961515e-01
2.496657974622254472e-01
4.375787055856396601e-01
1.690867130591993950e-01
-4.099211823734505433e-01
2.174892619072112676e-01
-7.928323492534830597e-02
-1.856714387406750710e-01
-1.735607719598878385e-01
5.379901331910050821e-01
-6.645099891960500882e-01
8.453145697607462872e-02
6.451054150999131487e-01
-2.658970811220392472e-01
-2.287885328389869799e-01
3.434996137253543830e-02
1.903674531932731395e-01
-2.237576780441316304e-01
7.052181991709099984e-01
2.113972779651257239e-01
-3.854632619053701137e-01
-2.751658586265703227e-03
-7.061328795015926751e-02
-4.252634470852313013e-04
1.795006384528487486e-01
7.484049937195795532e-02
-2.876880863074748884e-01
-3.009120095876537948e-01
-3.604039147486868822e-01
-4.497625695765856274e-02
-9.628611561899720617e-02
3.534451927206022637e-01
2.127059076826771922e-01
-8.156834692759941385e-02
3.194542584797398499e-01
-2.123889862756896812e-02
-4.437553693802411825e-01
-5.355899373919493778e-01
-7.507638255121295012e-01
-5.147134426932307161e-01
1.583022724747787380e-01
-1.369209374933827994e-01
4.617060855410419773e-01
1.208729352327905238e-01
3.867029455520264447e-01
4.165471379963728987e-02
-2.045061513773606954e-01
1.497570262945560442e-02
-2.394927098900529183e-01
3.138160440279702534e-01
3.855235394462565579e-01
-6.306604480443459004e-02
-1.358149770587291361e-01
5.940643147214558217e-02
-1.757364537652155723e-01
3.091749319864987022e-01
8.219099503254564953e-02
3.066102283253113181e-01
-3.660697777006419185e-01
-2.557298669688371495e-01
-4.096083150759786684e-01
-8.271597491615321207e-01
-4.124403674062893793e-02
-1.440842502478361375e-01
-5.701984885904045619e-01
-4.456201521866181570e-01
-3.753616332768835440e-01
9.921937603634377600e-01
7.882051655131912249e-02
-4.313220625682544496e-01
5.126334097066995721e-01
-5.051555182240987651e-01
9.377930008837662146e-02
3.545649054595366167e-01
-4.245588046633892443e-01
3.490509347777720484e-01
7.492017371838163853e-02
-2.741775313140195069e-01
1.282055120907537038e+00
2.624064395614605916e-01
-6.849383371752042482e-01
-5.164292071791232175e-02
-8.202177850365288680e-02
-5.554393832465008840e-01
-3.496474445274295739e-01
-2.378661054193682844e-01
-9.758831162815714277e-01
-8.251280288828626019e-02
-9.463055366056623285e-02
-1.596344050447237317e-01
-6.347561950177441625e-01
7.160554682611135202e-02
8.752900442913282009e-02
-1.971268562604177321e-01
4.337520892197626850e-04
3.681638062914153325e-02
-1.267709458782287080e-01
1.531473864729910594e-01
1.796667373920021182e-01
-3.292262857078648852e-01
-4.221542065980757874e-01
3.447099319583277754e-01
-3.165272822927167606e-01
2.876363134335556682e-01
5.671508769520237081e-01
2.227404427375012930e-01
-4.995166460366376460e-01
4.399495763601320997e-01
3.046262777583322867e-01
-9.702735619008909240e-02
2.124037912354304058e-01
6.386459437180784793e-01
1.278306110339972046e-01
-5.588034760635413045e-02
-4.003781121087305328e-01
1.853274443404348548e-01
-2.212869944186129090e-01
-1.579527819130677468e-01
-7.910130796969436218e-02
3.551986776886036368e-01
-7.729804783344155217e-01
1.744928399111111417e-01
-2.650213722610025163e-02
1.256251429689866084e-01
5.580880783220751873e-01
1.857790734399933086e-01
1.266707829422109910e+00
5.936258139869140527e-01
-3.411570702382191733e-01
-2.215846757282931567e-01
-4.199290785890373301e-01
2.047413141613175502e-01
2.453440064063601156e-01
5.284565660319048286e-01
4.072007004704075173e-01
4.620281891399663499e-01
-6.649396572659653504e-02
-1.794335650166343221e-01
-2.867692645637699989e-01
1.744994995113783864e-01
-2.066170432784527611e-01
-3.786406557362023140e-01
-7.735193008301188833e-01
3.562201380422694297e-01
-1.722497576416139320e-01
4.507080866872957212e-03
-8.878675308385175491e-01
4.316745979116192733e-01
-1.226587951740850252e-01
-2.235997632689593062e-01
-8.361521862524766702e-01
-2.961135652288615083e-01
-3.919635895083325439e-01
2.995691659469722212e-02
4.392324711841678053e-01
1.873541951588508503e-01
-8.999219542176326025e-02
6.677305665303707727e-01
-4.783175264671928884e-01
-3.775315628193166018e-01
-6.328206090107740996e-03
-3.199351087499197055e-02
4.292063030849234129e-01
-2.738942017073444646e-01
-3.587280314493393463e-01
2.694478028563631056e-01
-3.055035760644422838e-01
5.013759886808769051e-02
6.183878543097796054e-01
1.806805461213214226e-01
-8.927751680709364868e-01
2.027615404419313705e-01
-2.791424774130735198e-01
1.734216889670691097e-01
-3.108451452004180604e-01
3.108436240963167174e-01
-7.370484578711784529e-01
1.800799512859146689e-01
-7.731756484818285147e-01
8.387216264354749318e-02
1.559932573023262492e+00
-6.534417416055140482e-01
-5.130435938667650408e-02
-6.636211664817976974e-01
-5.059407388738186295e-01
-3.782884395267527844e-01
5.284193666127662281e-01
6.033798163123361702e-01
-1.117773660206458908e-01
-8.006033252879293793e-02
-8.447955621480319754e-01
1.860896500374085993e-01
-6.396899114708631817e-02
-1.649642941288384790e-01
-4.263505118753036505e-01
1.163061440388213352e-01
5.583919813835893642e-01
-9.291068497393148440e-02
3.634397311765738547e-01
2.265173231481949073e-02
-5.839541628358022596e-01
-2.696596905478447770e-01
5.687436980301345812e-01
-4.962476190248442665e-01
7.665940824937376163e-01
-1.861925422310519163e-01
-2.501554346808717022e-01
-2.560366354473160300e-01
-7.919941570168491651e-01
-1.388930952242420358e-01
1.848815210624029648e-01
6.025444362455335302e-03
-1.005722712293528609e-01
6.019749500133546594e-01
-1.948542084214938130e-01
3.969725127090529271e-01
-2.012026854398067111e-01
-7.457559888924201186e-01
7.291121022745896685e-01
1.285425172317365416e-01
-1.220429385512516729e-01
-2.536816352913032757e-01
-2.288856064943242119e-01
2.848525834294539649e-01
2.243965458361868448e-01
-2.231716340533000387e-01
3.263588893229685262e-01
